Step0
ID	Position(nm)			Velocity(nm / ps)		Force(kJ / mol * nm)
1	( 2.516,  1.416,  1.944)	( 0.000,  0.000,  0.000)	( -5.070,  -2.664,   0.681)
5	( 2.509,  1.392,  1.798)	( 0.000,  0.000,  0.000)	(  9.996,   5.659,  -0.858)
7	( 2.442,  1.497,  1.710)	( 0.000,  0.000,  0.000)	( -9.996,  -5.659,   0.858)
8	( 2.459,  1.463,  1.608)	( 0.000,  0.000,  0.000)	(  4.926,   2.995,  -0.177)

Step1
ID	Position(nm)			Velocity(nm / ps)		Force(kJ / mol * nm)
1	( 2.516,  1.416,  1.944)	(-0.000, -0.000,  0.000)	( -5.070,  -2.664,   0.681)
5	( 2.509,  1.392,  1.798)	( 0.000,  0.000, -0.000)	(  9.996,   5.659,  -0.858)
7	( 2.442,  1.497,  1.710)	(-0.000, -0.000,  0.000)	( -9.996,  -5.659,   0.858)
8	( 2.459,  1.463,  1.608)	( 0.002,  0.001, -0.000)	(  4.926,   2.995,  -0.177)

