Step0
ID	Position(nm)			Velocity(nm / ps)		Force(kJ / mol * nm)
1	( 2.516,  1.416,  1.944)	( 0.000,  0.000,  0.000)	( -0.293,   0.539,  -0.075)
5	( 2.509,  1.392,  1.798)	( 0.000,  0.000,  0.000)	(  0.350,  -0.572,   0.226)
7	( 2.442,  1.497,  1.710)	( 0.000,  0.000,  0.000)	(  0.350,  -0.572,   0.226)
8	( 2.459,  1.463,  1.608)	( 0.000,  0.000,  0.000)	( -0.307,   0.492,  -0.215)

Step1
ID	Position(nm)			Velocity(nm / ps)		Force(kJ / mol * nm)
1	( 2.516,  1.416,  1.944)	(-0.000,  0.000, -0.000)	( -0.587,   1.079,  -0.149)
5	( 2.509,  1.392,  1.798)	( 0.000, -0.000,  0.000)	(  0.701,  -1.144,   0.452)
7	( 2.442,  1.497,  1.710)	( 0.000, -0.000,  0.000)	(  0.701,  -1.144,   0.452)
8	( 2.459,  1.463,  1.608)	(-0.000,  0.000, -0.000)	( -0.614,   0.984,  -0.430)

